Silt	Clay	Sand
0.3721	0.2968	0.3313

Layer	FC[V%]	PWP[V%]	POR[V%]	KS[mm/d]
1.0000	38.6950	13.4750	46.2300	236.6355
2.0000	36.5700	13.3750	43.5600	234.6950
3.0000	36.0900	13.3900	42.8400	242.7430
4.0000	37.0500	12.5000	42.2700	83.3530
5.0000	37.0500	12.5000	42.2700	83.3530
6.0000	37.0500	12.5000	42.2700	83.3530
7.0000	36.5100	12.2300	41.9900	82.5670
8.0000	36.5100	12.2300	41.9900	82.5670
9.0000	36.5100	12.2300	41.9900	82.5670
10.0000	36.5100	12.2300	41.9900	82.5670
11.0000	36.1200	12.0600	41.6800	83.9550
12.0000	36.1200	12.0600	41.6800	83.9550
13.0000	36.1200	12.0600	41.6800	83.9550
14.0000	36.1200	12.0600	41.6800	83.9550
15.0000	36.1200	12.0600	41.6800	83.9550
16.0000	36.1200	12.0600	41.6800	83.9550
17.0000	36.1200	12.0600	41.6800	83.9550
18.0000	36.1200	12.0600	41.6800	83.9550
19.0000	36.1200	12.0600	41.6800	83.9550
20.0000	36.1200	12.0600	41.6800	83.9550
