Silt	Clay	Sand
0.3242	0.4173	0.2585

Layer	FC[V%]	PWP[V%]	POR[V%]	KS[mm/d]
1.0000	43.1700	15.3100	49.9500	102.0660
2.0000	41.3200	14.6000	48.5400	104.2120
3.0000	40.7500	14.3700	48.1100	103.4410
4.0000	41.4100	13.9400	46.4400	35.6940
5.0000	41.4100	13.9400	46.4400	35.6940
6.0000	41.4100	13.9400	46.4400	35.6940
7.0000	40.1100	14.0700	44.7600	34.0280
8.0000	40.1100	14.0700	44.7600	34.0280
9.0000	40.1100	14.0700	44.7600	34.0280
10.0000	40.1100	14.0700	44.7600	34.0280
11.0000	39.4600	13.5600	44.4400	36.8550
12.0000	39.4600	13.5600	44.4400	36.8550
13.0000	39.4600	13.5600	44.4400	36.8550
14.0000	39.4600	13.5600	44.4400	36.8550
15.0000	39.4600	13.5600	44.4400	36.8550
16.0000	39.4600	13.5600	44.4400	36.8550
17.0000	39.4600	13.5600	44.4400	36.8550
18.0000	39.4600	13.5600	44.4400	36.8550
19.0000	39.4600	13.5600	44.4400	36.8550
20.0000	39.4600	13.5600	44.4400	36.8550
