Silt	Clay	Sand
0.3380	0.3465	0.3159

Layer	FC[V%]	PWP[V%]	POR[V%]	KS[mm/d]
1.0000	46.6650	13.7300	56.3450	105.6375
2.0000	43.3150	12.4500	54.4850	125.8700
3.0000	42.0000	11.9000	53.9000	138.4800
4.0000	42.9700	12.5500	49.6800	47.3950
5.0000	42.9700	12.5500	49.6800	47.3950
6.0000	42.9700	12.5500	49.6800	47.3950
7.0000	40.2900	12.0800	47.1000	47.9470
8.0000	40.2900	12.0800	47.1000	47.9470
9.0000	40.2900	12.0800	47.1000	47.9470
10.0000	40.2900	12.0800	47.1000	47.9470
11.0000	39.8300	12.3000	46.2600	46.4140
12.0000	39.8300	12.3000	46.2600	46.4140
13.0000	39.8300	12.3000	46.2600	46.4140
14.0000	39.8300	12.3000	46.2600	46.4140
15.0000	39.8300	12.3000	46.2600	46.4140
16.0000	39.8300	12.3000	46.2600	46.4140
17.0000	39.8300	12.3000	46.2600	46.4140
18.0000	39.8300	12.3000	46.2600	46.4140
19.0000	39.8300	12.3000	46.2600	46.4140
20.0000	39.8300	12.3000	46.2600	46.4140
