Silt	Clay	Sand
0.3828	0.3521	0.2650

Layer	FC[V%]	PWP[V%]	POR[V%]	KS[mm/d]
1.0000	45.8750	14.5100	54.3650	102.6200
2.0000	42.3500	12.9650	52.2700	102.8895
3.0000	41.2000	13.1000	50.6000	97.8340
4.0000	41.7800	13.4700	47.2500	32.5620
5.0000	41.7800	13.4700	47.2500	32.5620
6.0000	41.7800	13.4700	47.2500	32.5620
7.0000	40.4400	13.5400	45.5500	31.2270
8.0000	40.4400	13.5400	45.5500	31.2270
9.0000	40.4400	13.5400	45.5500	31.2270
10.0000	40.4400	13.5400	45.5500	31.2270
11.0000	39.9100	13.2100	45.2500	29.5540
12.0000	39.9100	13.2100	45.2500	29.5540
13.0000	39.9100	13.2100	45.2500	29.5540
14.0000	39.9100	13.2100	45.2500	29.5540
15.0000	39.9100	13.2100	45.2500	29.5540
16.0000	39.9100	13.2100	45.2500	29.5540
17.0000	39.9100	13.2100	45.2500	29.5540
18.0000	39.9100	13.2100	45.2500	29.5540
19.0000	39.9100	13.2100	45.2500	29.5540
20.0000	39.9100	13.2100	45.2500	29.5540
