Silt	Clay	Sand
0.3143	0.3148	0.3707

Layer	FC[V%]	PWP[V%]	POR[V%]	KS[mm/d]
1.0000	38.5900	12.1100	48.4500	216.8550
2.0000	36.1700	11.3900	46.6200	226.0510
3.0000	36.2600	11.7200	46.0900	211.6060
4.0000	37.9600	12.6200	43.3700	67.5680
5.0000	37.9600	12.6200	43.3700	67.5680
6.0000	37.9600	12.6200	43.3700	67.5680
7.0000	37.3200	12.4400	42.8100	68.6440
8.0000	37.3200	12.4400	42.8100	68.6440
9.0000	37.3200	12.4400	42.8100	68.6440
10.0000	37.3200	12.4400	42.8100	68.6440
11.0000	36.7500	12.0800	42.4800	77.1190
12.0000	36.7500	12.0800	42.4800	77.1190
13.0000	36.7500	12.0800	42.4800	77.1190
14.0000	36.7500	12.0800	42.4800	77.1190
15.0000	36.7500	12.0800	42.4800	77.1190
16.0000	36.7500	12.0800	42.4800	77.1190
17.0000	36.7500	12.0800	42.4800	77.1190
18.0000	36.7500	12.0800	42.4800	77.1190
19.0000	36.7500	12.0800	42.4800	77.1190
20.0000	36.7500	12.0800	42.4800	77.1190
