Silt	Clay	Sand
0.3623	0.2832	0.3541

Layer	FC[V%]	PWP[V%]	POR[V%]	KS[mm/d]
1.0000	35.8050	10.9550	46.8500	353.0925
2.0000	33.9700	10.6500	45.0200	361.1125
3.0000	34.1700	10.8200	44.8900	345.0090
4.0000	37.0600	11.5500	43.6200	91.9750
5.0000	37.0600	11.5500	43.6200	91.9750
6.0000	37.0600	11.5500	43.6200	91.9750
7.0000	36.9600	11.6700	43.3700	81.1000
8.0000	36.9600	11.6700	43.3700	81.1000
9.0000	36.9600	11.6700	43.3700	81.1000
10.0000	36.9600	11.6700	43.3700	81.1000
11.0000	36.6200	11.4000	43.3500	83.9410
12.0000	36.6200	11.4000	43.3500	83.9410
13.0000	36.6200	11.4000	43.3500	83.9410
14.0000	36.6200	11.4000	43.3500	83.9410
15.0000	36.6200	11.4000	43.3500	83.9410
16.0000	36.6200	11.4000	43.3500	83.9410
17.0000	36.6200	11.4000	43.3500	83.9410
18.0000	36.6200	11.4000	43.3500	83.9410
19.0000	36.6200	11.4000	43.3500	83.9410
20.0000	36.6200	11.4000	43.3500	83.9410
