Silt	Clay	Sand
0.3881	0.3455	0.2664

Layer	FC[V%]	PWP[V%]	POR[V%]	KS[mm/d]
1.0000	39.4650	13.5300	47.1150	220.3940
2.0000	37.9900	13.5150	45.3150	206.8305
3.0000	37.9200	13.9600	44.6500	189.7080
4.0000	39.4400	14.0000	43.8700	59.7050
5.0000	39.4400	14.0000	43.8700	59.7050
6.0000	39.4400	14.0000	43.8700	59.7050
7.0000	38.1300	14.0900	42.1700	59.9740
8.0000	38.1300	14.0900	42.1700	59.9740
9.0000	38.1300	14.0900	42.1700	59.9740
10.0000	38.1300	14.0900	42.1700	59.9740
11.0000	37.5200	13.6200	41.8600	65.2350
12.0000	37.5200	13.6200	41.8600	65.2350
13.0000	37.5200	13.6200	41.8600	65.2350
14.0000	37.5200	13.6200	41.8600	65.2350
15.0000	37.5200	13.6200	41.8600	65.2350
16.0000	37.5200	13.6200	41.8600	65.2350
17.0000	37.5200	13.6200	41.8600	65.2350
18.0000	37.5200	13.6200	41.8600	65.2350
19.0000	37.5200	13.6200	41.8600	65.2350
20.0000	37.5200	13.6200	41.8600	65.2350
