Silt	Clay	Sand
0.3641	0.4097	0.2262

Layer	FC[V%]	PWP[V%]	POR[V%]	KS[mm/d]
1.0000	45.1100	15.1250	52.6800	93.7000
2.0000	42.2850	14.3050	50.3000	92.1920
3.0000	41.6600	14.4300	49.3200	90.4720
4.0000	40.5000	15.2100	44.2900	28.3810
5.0000	40.5000	15.2100	44.2900	28.3810
6.0000	40.5000	15.2100	44.2900	28.3810
7.0000	38.3200	15.5100	41.4700	27.8910
8.0000	38.3200	15.5100	41.4700	27.8910
9.0000	38.3200	15.5100	41.4700	27.8910
10.0000	38.3200	15.5100	41.4700	27.8910
11.0000	38.0500	14.6800	41.6900	36.3840
12.0000	38.0500	14.6800	41.6900	36.3840
13.0000	38.0500	14.6800	41.6900	36.3840
14.0000	38.0500	14.6800	41.6900	36.3840
15.0000	38.0500	14.6800	41.6900	36.3840
16.0000	38.0500	14.6800	41.6900	36.3840
17.0000	38.0500	14.6800	41.6900	36.3840
18.0000	38.0500	14.6800	41.6900	36.3840
19.0000	38.0500	14.6800	41.6900	36.3840
20.0000	38.0500	14.6800	41.6900	36.3840
