Silt	Clay	Sand
0.3692	0.4129	0.2172

Layer	FC[V%]	PWP[V%]	POR[V%]	KS[mm/d]
1.0000	40.9650	15.3550	47.0200	162.6365
2.0000	39.4950	15.3750	45.2250	165.8345
3.0000	39.3900	15.6400	44.8200	158.5000
4.0000	39.4700	15.8600	42.6100	47.7870
5.0000	39.4700	15.8600	42.6100	47.7870
6.0000	39.4700	15.8600	42.6100	47.7870
7.0000	38.2600	15.8600	41.2100	42.1650
8.0000	38.2600	15.8600	41.2100	42.1650
9.0000	38.2600	15.8600	41.2100	42.1650
10.0000	38.2600	15.8600	41.2100	42.1650
11.0000	37.6000	15.0900	40.8600	51.9330
12.0000	37.6000	15.0900	40.8600	51.9330
13.0000	37.6000	15.0900	40.8600	51.9330
14.0000	37.6000	15.0900	40.8600	51.9330
15.0000	37.6000	15.0900	40.8600	51.9330
16.0000	37.6000	15.0900	40.8600	51.9330
17.0000	37.6000	15.0900	40.8600	51.9330
18.0000	37.6000	15.0900	40.8600	51.9330
19.0000	37.6000	15.0900	40.8600	51.9330
20.0000	37.6000	15.0900	40.8600	51.9330
