Silt	Clay	Sand
0.4673	0.3194	0.2135

Layer	FC[V%]	PWP[V%]	POR[V%]	KS[mm/d]
1.0000	41.6050	14.9200	48.1300	179.7585
2.0000	39.8750	14.7700	46.1850	182.5165
3.0000	39.4500	15.2400	45.0700	177.2730
4.0000	39.6700	14.8000	43.3900	57.5810
5.0000	39.6700	14.8000	43.3900	57.5810
6.0000	39.6700	14.8000	43.3900	57.5810
7.0000	37.8000	14.8300	41.1200	55.0960
8.0000	37.8000	14.8300	41.1200	55.0960
9.0000	37.8000	14.8300	41.1200	55.0960
10.0000	37.8000	14.8300	41.1200	55.0960
11.0000	37.2400	14.6900	40.5500	57.1960
12.0000	37.2400	14.6900	40.5500	57.1960
13.0000	37.2400	14.6900	40.5500	57.1960
14.0000	37.2400	14.6900	40.5500	57.1960
15.0000	37.2400	14.6900	40.5500	57.1960
16.0000	37.2400	14.6900	40.5500	57.1960
17.0000	37.2400	14.6900	40.5500	57.1960
18.0000	37.2400	14.6900	40.5500	57.1960
19.0000	37.2400	14.6900	40.5500	57.1960
20.0000	37.2400	14.6900	40.5500	57.1960
