Silt	Clay	Sand
0.4863	0.2864	0.2279

Layer	FC[V%]	PWP[V%]	POR[V%]	KS[mm/d]
1.0000	42.0000	15.5400	47.8550	167.7200
2.0000	39.6250	14.5700	46.0050	176.8075
3.0000	39.3000	14.3600	45.8400	183.4070
4.0000	39.1400	14.3300	43.0200	65.5000
5.0000	39.1400	14.3300	43.0200	65.5000
6.0000	39.1400	14.3300	43.0200	65.5000
7.0000	38.7600	14.1300	42.7400	60.3920
8.0000	38.7600	14.1300	42.7400	60.3920
9.0000	38.7600	14.1300	42.7400	60.3920
10.0000	38.7600	14.1300	42.7400	60.3920
11.0000	38.8100	13.8800	43.0100	59.7130
12.0000	38.8100	13.8800	43.0100	59.7130
13.0000	38.8100	13.8800	43.0100	59.7130
14.0000	38.8100	13.8800	43.0100	59.7130
15.0000	38.8100	13.8800	43.0100	59.7130
16.0000	38.8100	13.8800	43.0100	59.7130
17.0000	38.8100	13.8800	43.0100	59.7130
18.0000	38.8100	13.8800	43.0100	59.7130
19.0000	38.8100	13.8800	43.0100	59.7130
20.0000	38.8100	13.8800	43.0100	59.7130
