Silt	Clay	Sand
0.3781	0.3569	0.2652

Layer	FC[V%]	PWP[V%]	POR[V%]	KS[mm/d]
1.0000	43.0850	13.9600	51.4050	154.8525
2.0000	40.9500	13.3250	49.7150	169.5095
3.0000	40.3800	13.2400	49.1600	168.9700
4.0000	42.1400	13.6200	47.5400	48.5820
5.0000	42.1400	13.6200	47.5400	48.5820
6.0000	42.1400	13.6200	47.5400	48.5820
7.0000	39.6700	13.7400	44.4300	49.5230
8.0000	39.6700	13.7400	44.4300	49.5230
9.0000	39.6700	13.7400	44.4300	49.5230
10.0000	39.6700	13.7400	44.4300	49.5230
11.0000	38.9900	13.4700	43.8400	51.7480
12.0000	38.9900	13.4700	43.8400	51.7480
13.0000	38.9900	13.4700	43.8400	51.7480
14.0000	38.9900	13.4700	43.8400	51.7480
15.0000	38.9900	13.4700	43.8400	51.7480
16.0000	38.9900	13.4700	43.8400	51.7480
17.0000	38.9900	13.4700	43.8400	51.7480
18.0000	38.9900	13.4700	43.8400	51.7480
19.0000	38.9900	13.4700	43.8400	51.7480
20.0000	38.9900	13.4700	43.8400	51.7480
