Silt	Clay	Sand
0.3539	0.3866	0.2596

Layer	FC[V%]	PWP[V%]	POR[V%]	KS[mm/d]
1.0000	39.4400	13.0400	47.9400	225.0945
2.0000	37.8650	13.7350	45.0600	201.9705
3.0000	38.2800	14.6300	44.4200	172.5080
4.0000	38.8000	14.4500	42.7700	56.4560
5.0000	38.8000	14.4500	42.7700	56.4560
6.0000	38.8000	14.4500	42.7700	56.4560
7.0000	37.7200	14.5700	41.3600	54.5610
8.0000	37.7200	14.5700	41.3600	54.5610
9.0000	37.7200	14.5700	41.3600	54.5610
10.0000	37.7200	14.5700	41.3600	54.5610
11.0000	37.4700	14.5500	41.0800	50.2790
12.0000	37.4700	14.5500	41.0800	50.2790
13.0000	37.4700	14.5500	41.0800	50.2790
14.0000	37.4700	14.5500	41.0800	50.2790
15.0000	37.4700	14.5500	41.0800	50.2790
16.0000	37.4700	14.5500	41.0800	50.2790
17.0000	37.4700	14.5500	41.0800	50.2790
18.0000	37.4700	14.5500	41.0800	50.2790
19.0000	37.4700	14.5500	41.0800	50.2790
20.0000	37.4700	14.5500	41.0800	50.2790
