Silt	Clay	Sand
0.4473	0.3522	0.2004

Layer	FC[V%]	PWP[V%]	POR[V%]	KS[mm/d]
1.0000	41.1050	15.9900	46.5300	187.9240
2.0000	39.1850	15.6400	44.4000	205.5985
3.0000	38.8200	15.8300	43.6800	205.9910
4.0000	39.4900	14.9100	43.1100	68.9460
5.0000	39.4900	14.9100	43.1100	68.9460
6.0000	39.4900	14.9100	43.1100	68.9460
7.0000	38.6200	15.0600	42.0000	59.0770
8.0000	38.6200	15.0600	42.0000	59.0770
9.0000	38.6200	15.0600	42.0000	59.0770
10.0000	38.6200	15.0600	42.0000	59.0770
11.0000	38.4200	14.7900	41.9800	65.2510
12.0000	38.4200	14.7900	41.9800	65.2510
13.0000	38.4200	14.7900	41.9800	65.2510
14.0000	38.4200	14.7900	41.9800	65.2510
15.0000	38.4200	14.7900	41.9800	65.2510
16.0000	38.4200	14.7900	41.9800	65.2510
17.0000	38.4200	14.7900	41.9800	65.2510
18.0000	38.4200	14.7900	41.9800	65.2510
19.0000	38.4200	14.7900	41.9800	65.2510
20.0000	38.4200	14.7900	41.9800	65.2510
