Silt	Clay	Sand
0.3784	0.3667	0.2553

Layer	FC[V%]	PWP[V%]	POR[V%]	KS[mm/d]
1.0000	43.1150	14.0300	51.4500	152.7905
2.0000	40.9050	13.8000	49.0750	158.6585
3.0000	40.4700	13.7100	48.6500	162.8050
4.0000	40.6400	13.8000	45.5800	53.8730
5.0000	40.6400	13.8000	45.5800	53.8730
6.0000	40.6400	13.8000	45.5800	53.8730
7.0000	38.6200	14.1700	42.7700	50.4930
8.0000	38.6200	14.1700	42.7700	50.4930
9.0000	38.6200	14.1700	42.7700	50.4930
10.0000	38.6200	14.1700	42.7700	50.4930
11.0000	38.1600	13.8600	42.4600	53.5080
12.0000	38.1600	13.8600	42.4600	53.5080
13.0000	38.1600	13.8600	42.4600	53.5080
14.0000	38.1600	13.8600	42.4600	53.5080
15.0000	38.1600	13.8600	42.4600	53.5080
16.0000	38.1600	13.8600	42.4600	53.5080
17.0000	38.1600	13.8600	42.4600	53.5080
18.0000	38.1600	13.8600	42.4600	53.5080
19.0000	38.1600	13.8600	42.4600	53.5080
20.0000	38.1600	13.8600	42.4600	53.5080
