Silt	Clay	Sand
0.3658	0.3110	0.3234

Layer	FC[V%]	PWP[V%]	POR[V%]	KS[mm/d]
1.0000	44.2300	12.2300	55.6350	123.6025
2.0000	40.7350	11.2900	53.2450	131.3205
3.0000	39.8100	11.2600	52.1200	133.0010
4.0000	40.8800	11.0700	49.3200	42.5730
5.0000	40.8800	11.0700	49.3200	42.5730
6.0000	40.8800	11.0700	49.3200	42.5730
7.0000	38.9900	11.3400	46.4800	45.4890
8.0000	38.9900	11.3400	46.4800	45.4890
9.0000	38.9900	11.3400	46.4800	45.4890
10.0000	38.9900	11.3400	46.4800	45.4890
11.0000	38.7600	11.3700	46.2200	43.3230
12.0000	38.7600	11.3700	46.2200	43.3230
13.0000	38.7600	11.3700	46.2200	43.3230
14.0000	38.7600	11.3700	46.2200	43.3230
15.0000	38.7600	11.3700	46.2200	43.3230
16.0000	38.7600	11.3700	46.2200	43.3230
17.0000	38.7600	11.3700	46.2200	43.3230
18.0000	38.7600	11.3700	46.2200	43.3230
19.0000	38.7600	11.3700	46.2200	43.3230
20.0000	38.7600	11.3700	46.2200	43.3230
