Silt	Clay	Sand
0.3348	0.3049	0.3602

Layer	FC[V%]	PWP[V%]	POR[V%]	KS[mm/d]
1.0000	37.2650	11.9450	46.9350	292.2210
2.0000	35.7900	12.2950	44.2900	284.4670
3.0000	35.8400	12.5500	43.8800	276.6500
4.0000	36.8400	12.3500	42.2000	105.6500
5.0000	36.8400	12.3500	42.2000	105.6500
6.0000	36.8400	12.3500	42.2000	105.6500
7.0000	36.3000	12.4800	41.3700	110.2820
8.0000	36.3000	12.4800	41.3700	110.2820
9.0000	36.3000	12.4800	41.3700	110.2820
10.0000	36.3000	12.4800	41.3700	110.2820
11.0000	36.4900	12.4400	41.6600	116.2020
12.0000	36.4900	12.4400	41.6600	116.2020
13.0000	36.4900	12.4400	41.6600	116.2020
14.0000	36.4900	12.4400	41.6600	116.2020
15.0000	36.4900	12.4400	41.6600	116.2020
16.0000	36.4900	12.4400	41.6600	116.2020
17.0000	36.4900	12.4400	41.6600	116.2020
18.0000	36.4900	12.4400	41.6600	116.2020
19.0000	36.4900	12.4400	41.6600	116.2020
20.0000	36.4900	12.4400	41.6600	116.2020
