Silt	Clay	Sand
0.2711	0.3182	0.4101

Layer	FC[V%]	PWP[V%]	POR[V%]	KS[mm/d]
1.0000	35.4300	11.4450	45.6300	384.3550
2.0000	33.3850	11.2350	43.0650	420.7750
3.0000	32.6900	11.0700	42.3300	447.6560
4.0000	34.8200	11.0600	41.5200	156.0870
5.0000	34.8200	11.0600	41.5200	156.0870
6.0000	34.8200	11.0600	41.5200	156.0870
7.0000	34.2300	11.2600	40.4100	153.1150
8.0000	34.2300	11.2600	40.4100	153.1150
9.0000	34.2300	11.2600	40.4100	153.1150
10.0000	34.2300	11.2600	40.4100	153.1150
11.0000	34.5400	11.3200	40.7200	154.4040
12.0000	34.5400	11.3200	40.7200	154.4040
13.0000	34.5400	11.3200	40.7200	154.4040
14.0000	34.5400	11.3200	40.7200	154.4040
15.0000	34.5400	11.3200	40.7200	154.4040
16.0000	34.5400	11.3200	40.7200	154.4040
17.0000	34.5400	11.3200	40.7200	154.4040
18.0000	34.5400	11.3200	40.7200	154.4040
19.0000	34.5400	11.3200	40.7200	154.4040
20.0000	34.5400	11.3200	40.7200	154.4040
