Silt	Clay	Sand
0.4053	0.3276	0.2671

Layer	FC[V%]	PWP[V%]	POR[V%]	KS[mm/d]
1.0000	40.1350	13.9100	47.6050	203.9210
2.0000	37.4750	13.4200	44.7400	230.9670
3.0000	36.9200	13.3900	44.0200	235.4530
4.0000	38.7200	13.0800	43.7900	80.1890
5.0000	38.7200	13.0800	43.7900	80.1890
6.0000	38.7200	13.0800	43.7900	80.1890
7.0000	37.8000	13.1000	42.6600	75.3130
8.0000	37.8000	13.1000	42.6600	75.3130
9.0000	37.8000	13.1000	42.6600	75.3130
10.0000	37.8000	13.1000	42.6600	75.3130
11.0000	37.7300	13.0000	42.6600	81.2050
12.0000	37.7300	13.0000	42.6600	81.2050
13.0000	37.7300	13.0000	42.6600	81.2050
14.0000	37.7300	13.0000	42.6600	81.2050
15.0000	37.7300	13.0000	42.6600	81.2050
16.0000	37.7300	13.0000	42.6600	81.2050
17.0000	37.7300	13.0000	42.6600	81.2050
18.0000	37.7300	13.0000	42.6600	81.2050
19.0000	37.7300	13.0000	42.6600	81.2050
20.0000	37.7300	13.0000	42.6600	81.2050
