Silt	Clay	Sand
0.4542	0.3233	0.2227

Layer	FC[V%]	PWP[V%]	POR[V%]	KS[mm/d]
1.0000	40.9550	14.7250	47.5400	190.7195
2.0000	39.1450	14.4600	45.5750	211.1560
3.0000	38.7600	14.5000	45.0100	206.8060
4.0000	38.4100	14.6900	41.9300	69.5560
5.0000	38.4100	14.6900	41.9300	69.5560
6.0000	38.4100	14.6900	41.9300	69.5560
7.0000	37.6700	14.6600	41.0800	66.6190
8.0000	37.6700	14.6600	41.0800	66.6190
9.0000	37.6700	14.6600	41.0800	66.6190
10.0000	37.6700	14.6600	41.0800	66.6190
11.0000	37.2500	14.3900	40.7900	68.0900
12.0000	37.2500	14.3900	40.7900	68.0900
13.0000	37.2500	14.3900	40.7900	68.0900
14.0000	37.2500	14.3900	40.7900	68.0900
15.0000	37.2500	14.3900	40.7900	68.0900
16.0000	37.2500	14.3900	40.7900	68.0900
17.0000	37.2500	14.3900	40.7900	68.0900
18.0000	37.2500	14.3900	40.7900	68.0900
19.0000	37.2500	14.3900	40.7900	68.0900
20.0000	37.2500	14.3900	40.7900	68.0900
