Silt	Clay	Sand
0.3731	0.3793	0.2477

Layer	FC[V%]	PWP[V%]	POR[V%]	KS[mm/d]
1.0000	40.8550	14.9300	47.4150	184.2460
2.0000	38.7500	14.4450	45.2900	207.9580
3.0000	38.1900	14.5200	44.4400	209.3450
4.0000	39.5300	14.4900	43.6400	59.5110
5.0000	39.5300	14.4900	43.6400	59.5110
6.0000	39.5300	14.4900	43.6400	59.5110
7.0000	37.4400	14.8100	40.8200	52.1830
8.0000	37.4400	14.8100	40.8200	52.1830
9.0000	37.4400	14.8100	40.8200	52.1830
10.0000	37.4400	14.8100	40.8200	52.1830
11.0000	37.0700	14.2700	40.7900	51.8190
12.0000	37.0700	14.2700	40.7900	51.8190
13.0000	37.0700	14.2700	40.7900	51.8190
14.0000	37.0700	14.2700	40.7900	51.8190
15.0000	37.0700	14.2700	40.7900	51.8190
16.0000	37.0700	14.2700	40.7900	51.8190
17.0000	37.0700	14.2700	40.7900	51.8190
18.0000	37.0700	14.2700	40.7900	51.8190
19.0000	37.0700	14.2700	40.7900	51.8190
20.0000	37.0700	14.2700	40.7900	51.8190
